                     1
:::     :                                     2
:::        2 6  :       77777777777777777777777777777777777777777777777777777777777777777777777777777777777777777777777777777777777
:::         :          777777777777777777777777                                                                                 7777777777   0
:::    1               777777777777777777777777                                                                                 7777777777
:::                             :   2     77777                                                                                 77777
:::   0                                    7777777777777      77777777777777777777777777777777               777777777777777777777
:::                                 :        77777777777      7777             777777777777777               777777777
:::0                                         77777777777      77777            777777777777777               777777777
:::                         2                 7777777777      77777             77777777777777               7777777777
:::    2                                           77777      77777                       7777               7777            2
:::                                                77777      77777                       77777777777777777777777             2
:::                                                77777      77777                       77777777777777777777777            2
:::            :     :                               777      7777777                             2
:::               :    :                             777      7777777                               3 3   5                              777777
:::         7777777777777      3                :    777      7777777                                2         4                       7777777
:::         7777777777777                          777777777777777                                      1                         77777777777
:::     3   777777     77                             :   777777777777                                                     777777777777777777
:::         777777     7777777777                             777777777777                                          2   777777       7777777
:::         777777     7777777777                        :     77    77777                      5                     77777777       7777777777
:::         777777     777777777777777                     :   77777     777                                          27777777       77777777777
:::    0    777777                  777                           777     777777                                       7777777       777777777777
:::         6 7777                  77777777     5                 77     7777777                                     2 777777       7777777777777
:::            777                        77                      777     777777                                      27777777       777777777777
:::            777                        777777                  777     777777                                      2 777777       7777777777777
:::         :  777                        777777            6      77     7777                                   2          77       77777777777777
:::            777                        777777                  777     777           1                       2          777       77777777777
:::            777                        77777777                777     777                                            77777       777777777
:::            777777777                  77777777                777     777                                             7777       777
:::           :   777777                       777                7777777777                                             77777       77
:::    2      ::   77777                       7777777              :   :                  77777777777777                   77       7777
:::               777777                       777777                  :                 77777777777777                       7777777777
:::            :  777777                       777777777           :     :              77777     77777                           77777777
:::               777777                             777              :                 77777     7777777           2
:::                77777                             77                            7777777777     777777 2
:::               777777                             777                           7777777777     7777777            2                                 777777777777777777777
:::               777777                             777                           7777777777     7777777                                               7777            777777
:::               777777                             777                           7777777777     7777777 2                                             7777            777777
:::     3    4  5 777777                             777    4                       7777           77777   2                                             777            7777777
:::               777777                             777                           77777           777    2                                             7777            777777
:::            : :777777                             7777                    2      7777           777           7             2                        7777            777777
:::               777777                             7777                    2      7777           777           77            2                        7777            777777
:::    0          777777                             7777                           7777           777           7777777777                            77777            777777
:::         6     777777                             7777777                     7777         777777777           777    7777                            777            7777777
:::               777777                             7777777                     7777         777777777           777    7777              ::::::::        777777      777777777
:::               77777777777777777                 7777777                     7777         7777                 77    777777             :::   :::           777      777777777777
:::                             777                 7777777                     7777         7777                 77    777777              ::   :::           77      777777
:::                             7777777             7777777                    77777         777              777777    777777              ::   :::        77777      777777
:::                      0000   7777777             7777777                    77777         777              777777    777777             :   ::::        777777      77777
:::  : : :                           77             777777          1           7         777777           777777777    77777             ::   :::         777777      77
:::                           2      77             777777                     77         77777           7777777777    7777             :::   ::            7777      7777
:::    2                             77             777777                 777777         77777            7777         77               :::   ::             77777777777777
:::                                  77             777777        2         77777         777777            777         777             ::::   :::::::
:::                                  777777777      777777             2777777777         77777         7777777         77               :::   :::
:::                                  777777777      777777             2777777777     777777777         7777777         7               ::::   ::
:::                                          7      777777            777777          777777777         7777777         7                :: :::::
:::                                          7      777777            777777          777777777          777777     7777               :::::::::
                                             7777777777777            777777          777777777          777777     7777                ::   :::::
77777777    4  5                                   777777            7777777          77777777          7777777     77                  :  :: ::
7777777777                                           777777            77777          7777777777          77777     77777           :::::: :::::
77777777777   : : : :                        :::::::                    7777          777777777          777777     777            ::: : : ::::
7777777777777                                    :::  :  :               777          77777777             7777     7777          :::: : : :::
   777777777777777777777                                               77777          777777              7777       77             :: : : :::::
   777             77777                                               77777          777777             77777       77              : : : ::::::
 7 777             77777                                               77777          777777777          77777     777              :: : : :::::
   777             77777                                               77777          777777777          77777     77               :: : : :::::
   777777777777777777777                                               77777          777777777           7777     777               : : : :::
   7777777     777777777777                                        777777777          77777               7777     777                 : : ::::
   7777777     777777777777                                       2777777777          77777                777     777                 : : ::::
  :7777777     777777777777                                       2777777777          77777                777     77                : : : :::
   77777            77777777                                      7777777777          777777             77777     7                 : : : :::                 77777777777
  777777                                                               77777          777777              7777     7777             :: : : :                      77777777777
  777                                                                  77777          777777              7777     77777             : : : ::                 77777777777
  777                                                               77777777          777777               777     7777             :: : : :                 77777777777777
  777                                                               77777777          777777               777     7777              :::::::::             77777777777777
  777                                                            77777777777          777777              777777    77                                  777777777777777777
  7777777777  4  5                      77  77777                   77777777          7777777777              77    777777777                              777777777777777777
  77    77777                            77777                    77777777777          777777              777777    77777                             777777777777777777
  77    77777    : : : :                 7777777                    777777777          777777              777777    77777                             777777777777777777
  77    77777                            77777777                    77777777          777777              777777    77777                              777777777777777777
  77    777                             7777777777777                     77777777     77777                   77    7777                            777777777777777777
  77    77 6                            777777     77                   7777777777     777                 777777    77777                         77777777777777
  77    77777              :            777777     77                   7777777777     777                 777777    77777                        77777
  77    7777777                         777777     77                    777777777     7777                777777    77777                      7777777
  77    7777777777 7                    777777     777                        7777     7777777              77777    777777                     7777777
  77    77777777777                     777777     7777                       7777     777777              777777    77777                      7777777
  77    777777777777                    777777     77777                     77777     777777              777777    77777                   7777777777
  77    77777777                        777777     77777                 :     777777777777777               7777    7777                     7777777777
  77    77777777                        777777     77777                                     :             777777777777                       7777777777
  77    77777777                        777777     77777                     :        :                     777777777777                       7777777777
  77    77777777                        777777     77777                                 :                                                    7777777777
  77    77777777                        777777     77777                         :                                                            7777777777
  77    77777777                           777     7777777                 :             :                                                     7777777777
  7777777777777                           777     7777777                                                                                 777777777777
  7777777777777                           777     7777777777                                                                              777777777777
  7777777777777                           777     7777777777                                                                         7777777777
        3    4  5                          77     777777                                                                          7777777777777
                                           77     777777                                                                         77777777777777
               : : : :                     77     77777                                                                      77777777777777777
                                           77     77777                                                                0     7777777777777
       0                                   77     77                                                               0        777777777777777777
            6                              777777777                                                                    77777777777777777777
::::::::::::::::                         :                                                                                    77777777
::::::::::::::::                                                                                                          7777777777777777777
::::::::::::::::::                                                                                                          777777777777
         ::::::::::                                                               2                    3    77777777777777777777777777777777
         ::::::::::::                                                                      2     3          77777777777777777777777777777777
         :::::::::::::::                                              1                     777777777777777777777777777777777777777
                :::::::::                                         77777777777777777777777777777777777777777777777777777777
                ::::::::::                                        7777777777777777777777777
                :::::::::::                                     7777777777
                ::::::::::::                                     77777777
                :::::::::::::                                777777777777
                :::::::::::::                            77777777777777777